z00100000000000000000
y00100110000000010000
x00010000000000000001
w00000000001000000000
v10000000010000000000
u00000110000000000000
t00100000000000001000
s00000000000110100000
r00000000100000000000
q00001000000000100000


z 1 0 1 1 1
  0 0 0 1 0
  1 0 1 0 1 
  0 1 1 0 1
y 0 0 0 0 0 0 0 0 0 0 0 0 0 0 0 0 0 0 0 0
x 0 0 0 0 0 0 0 0 0 0 0 0 0 0 0 0 0 0 0 0
w 0 0 0 0 0 0 0 0 0 0 0 0 0 0 0 0 0 0 0 0
v 0 0 0 0 0 0 0 0 0 0 0 0 0 0 0 0 0 0 0 0
u 0 0 0 0 0 0 0 0 0 0 0 0 0 0 0 0 0 0 0 0
t 0 0 0 0 0 0 0 0 0 0 0 0 0 0 0 0 0 0 0 0
s 0 0 0 0 0 0 0 0 0 0 0 0 0 0 0 0 0 0 0 0
r 0 0 0 0 0 0 0 0 0 0 0 0 0 0 0 0 0 0 0 0
q 0 0 0 0 0 0 0 0 0 0 0 0 0 0 0 0 0 0 0 0


z 1 0 1 1 1 0 0 0 1 0 1 0 1 0 1 0 1 1 0 1
y 0 0 0 0 0 0 0 0 0 0 0 0 0 0 0 0 0 0 0 0
x 0 0 0 0 0 0 0 0 0 0 0 0 0 0 0 0 0 0 0 0
w 0 0 0 0 0 0 0 0 0 0 0 0 0 0 0 0 0 0 0 0
v 0 0 0 0 0 0 0 0 0 0 0 0 0 0 0 0 0 0 0 0
u 0 0 0 0 0 0 0 0 0 0 0 0 0 0 0 0 0 0 0 0
t 0 0 0 0 0 0 0 0 0 0 0 0 0 0 0 0 0 0 0 0
s 0 0 0 0 0 0 0 0 0 0 0 0 0 0 0 0 0 0 0 0
r 0 0 0 0 0 0 0 0 0 0 0 0 0 0 0 0 0 0 0 0
q 0 0 0 0 0 0 0 0 0 0 0 0 0 0 0 0 0 0 0 0

